[gun_position_offsets]
wpn_ithacam37 = 0,0.013075,0.081016
wpn_ithacam37_mag = 0,0.013075,0.081016
wpn_ithacam37_trench = 0,0.013075,0.079795
wpn_ithacam37_stakeout = 0,0.021401,-0.208692
wpn_ithacam37_sawnoff = 0,0.023506,-0.143477