![gun_position_offsets]
wpn_svd = -0.002408,-0.013489,0.014816
wpn_svd_custom = -0.002408,-0.013489,0.014816
wpn_svd_nimble = -0.000818,-0.009232,0.001