![gun_position_offsets]
wpn_g36 = -0.001256,-0.016425,0.024461
wpn_g36_camo = 0.001139,-0.013561,0.032466
wpn_g36k = -0.000665,-0.013136,0.021124
wpn_g36_nimble = -0.000665,-0.013136,0.023995