![gun_position_offsets]
wpn_abakan = -0.002985, 0.016183, 0
wpn_abakan_camo = -0.002985, 0.016183, 0