![gun_position_offsets]
wpn_aug_custom = -0.000157,0.001554,0.085141
wpn_aug_freedom = 0,0.012213,0.074073
wpn_aug_merc = -0.000493,-0.00135,0.065444
wpn_aug_modern = -0.000157,-0.00135,0.073087